0.618505
0.638931
0.654447
0.677226
0.729040
0.737745
0.749557
0.753876
0.777999
0.779650
0.785156
0.790131
0.790599
0.795485
0.799071
0.801972
0.809217
0.812117
0.813347
0.813577
0.824109
0.829325
0.832268
0.832539
0.834161
0.834422
0.835598
0.836060
0.839513
0.840286
0.840363
0.843370
0.844189
0.845900
0.849133
0.849550
0.850702
0.854466
0.857660
0.858311
0.858753
0.860019
0.860128
0.862701
0.864332
0.865211
0.865440
0.865942
0.868546
0.869636
0.870553
0.870763
0.874780
0.875866
0.877980
0.878404
0.878519
0.880808
0.881429
0.882363
0.882456
0.882614
0.883324
0.884100
0.885315
0.890908
0.891601
0.892431
0.894560
0.895450
0.896298
0.896317
0.899408
0.900766
0.901770
0.902768
0.904637
0.904855
0.907502
0.908490
0.909340
0.909349
0.910123
0.910354
0.911527
0.911706
0.913883
0.913889
0.913979
0.917289
0.918331
0.919754
0.919827
0.921150
0.921916
0.922241
0.924061
0.924127
0.924786
0.926392
0.927398
0.927692
0.928126
0.928211
0.928559
0.930938
0.931346
0.931787
0.932598
0.932867
0.933480
0.933986
0.934957
0.935036
0.935077
0.935723
0.935750
0.936862
0.936949
0.937675
0.937865
0.938409
0.938590
0.939058
0.939393
0.940010
0.940295
0.940547
0.940699
0.940749
0.941351
0.941433
0.941435
0.941769
0.942216
0.943032
0.943624
0.943658
0.944118
0.944679
0.945129
0.945387
0.946404
0.948548
0.950872
0.951091
0.951107
0.951228
0.951240
0.951725
0.952394
0.952515
0.952723
0.956259
0.956353
0.957700
0.957795
0.958758
0.959893
0.961967
0.962580
0.963589
0.963813
0.964092
0.964824
0.965704
0.965747
0.966836
0.966972
0.967089
0.967273
0.967352
0.968147
0.968807
0.968914
0.969210
0.970480
0.971043
0.971511
0.971716
0.971767
0.972188
0.972604
0.972663
0.972834
0.973843
0.974057
0.974340
0.975574
0.975786
0.975886
0.976008
0.977590
0.977843
0.978194
0.978572
0.978878
0.978935
0.978971
0.978971
0.979139
0.979720
0.980062
0.980390
0.980583
0.980759
0.981058
0.982451
0.982999
0.983023
0.983322
0.984769
0.984907
0.985306
0.986082
0.987186
0.987371
0.988254
0.988350
0.988681
0.989056
0.989201
0.989870
0.991423
0.992469
0.993141
0.993179
0.994109
0.994283
0.994410
0.994717
0.995451
0.995811
0.996817
0.996974
0.997035
0.997294
0.997822
0.998152
0.998231
0.999252
0.999279
0.999351
1.000055
1.000342
1.000554
1.000834
1.002022
1.003248
1.003421
1.003757
1.004121
1.004315
1.004718
1.005002
1.005621
1.006289
1.006586
1.006616
1.006914
1.006921
1.007077
1.007285
1.007653
1.008098
1.008342
1.008597
1.008677
1.009333
1.009364
1.009606
1.010308
1.010488
1.010557
1.010922
1.011053
1.011201
1.011663
1.011935
1.012049
1.012167
1.012281
1.012943
1.013176
1.013180
1.013444
1.014262
1.014357
1.014744
1.014821
1.014980
1.015038
1.015134
1.015293
1.015356
1.015374
1.015622
1.016132
1.016220
1.016906
1.016912
1.017509
1.017647
1.017830
1.018171
1.018510
1.018737
1.019615
1.019801
1.019880
1.020566
1.020655
1.020896
1.021123
1.021435
1.021612
1.021616
1.021716
1.021761
1.022193
1.022628
1.022697
1.023090
1.023360
1.023875
1.024204
1.024521
1.024732
1.024737
1.025359
1.025603
1.025763
1.026792
1.026999
1.027317
1.029220
1.029898
1.029931
1.030037
1.030106
1.030141
1.030365
1.030643
1.030665
1.030780
1.030932
1.030936
1.030945
1.031075
1.031368
1.032311
1.032723
1.032956
1.033117
1.033178
1.033574
1.033878
1.033901
1.033903
1.033923
1.034288
1.034423
1.034739
1.035329
1.035333
1.035380
1.035384
1.035487
1.036204
1.036451
1.036579
1.036784
1.036843
1.036969
1.037379
1.037440
1.037508
1.038160
1.038229
1.038244
1.038301
1.038380
1.038546
1.040547
1.040785
1.041043
1.041200
1.041304
1.041341
1.041990
1.042398
1.042404
1.042827
1.043173
1.043248
1.043950
1.044075
1.044261
1.044410
1.044466
1.044476
1.044577
1.044748
1.044841
1.045253
1.045789
1.045846
1.045947
1.046003
1.046732
1.046771
1.046858
1.047362
1.047432
1.048806
1.048995
1.049224
1.049389
1.049427
1.050240
1.050275
1.050916
1.051181
1.051682
1.051714
1.051977
1.052015
1.052084
1.052120
1.052204
1.052686
1.052762
1.052832
1.052991
1.053461
1.053628
1.053677
1.053737
1.054096
1.054508
1.054514
1.054854
1.054920
1.055067
1.055144
1.055363
1.055507
1.055666
1.055699
1.056748
1.056887
1.056901
1.056925
1.057114
1.057171
1.057613
1.057742
1.058208
1.058922
1.058978
1.059060
1.059061
1.059143
1.059160
1.059531
1.059589
1.059983
1.060376
1.060524
1.060597
1.060679
1.060810
1.061832
1.061900
1.062064
1.062355
1.062744
1.062881
1.063048
1.063386
1.063490
1.064598
1.064837
1.065077
1.065159
1.065271
1.065277
1.065339
1.065366
1.065374
1.065646
1.065940
1.065964
1.066112
1.066376
1.066514
1.066541
1.066627
1.066839
1.067242
1.067890
1.067948
1.068724
1.068976
1.069446
1.069723
1.070709
1.071477
1.071561
1.072274
1.072414
1.073070
1.073396
1.073737
1.073931
1.074799
1.075000
1.075455
1.076488
1.077006
1.077190
1.078175
1.078177
1.078216
1.078286
1.078401
1.078582
1.078693
1.079110
1.079353
1.079652
1.080699
1.080778
1.081090
1.081486
1.081623
1.081779
1.082653
1.083048
1.083857
1.084022
1.084441
1.084481
1.084602
1.084618
1.084726
1.084767
1.085314
1.085472
1.085607
1.085880
1.085955
1.086478
1.086742
1.087064
1.087237
1.087338
1.088127
1.088373
1.088809
1.088893
1.089001
1.089013
1.089133
1.089389
1.089501
1.089627
1.089966
1.090218
1.090267
1.090550
1.091147
1.091259
1.091741
1.092024
1.092547
1.092606
1.092677
1.092817
1.092927
1.093558
1.093983
1.094030
1.094066
1.094142
1.094433
1.094700
1.095047
1.095186
1.095274
1.095395
1.095592
1.095805
1.095917
1.096570
1.096850
1.096888
1.096938
1.096967
1.096988
1.097195
1.097366
1.098543
1.098799
1.098802
1.098915
1.099269
1.099873
1.100033
1.100543
1.100566
1.100644
1.100945
1.101004
1.101159
1.101249
1.101384
1.101883
1.102203
1.102270
1.102412
1.102440
1.102809
1.103180
1.104348
1.104554
1.104968
1.104969
1.105158
1.105213
1.105261
1.105657
1.105827
1.105837
1.106006
1.106302
1.106588
1.106994
1.107009
1.107139
1.107277
1.107752
1.107787
1.108108
1.108340
1.108569
1.108894
1.108930
1.109090
1.109319
1.110278
1.111005
1.111026
1.111090
1.111105
1.111169
1.111186
1.111223
1.111629
1.113135
1.113419
1.113548
1.113563
1.113842
1.113843
1.113974
1.114428
1.115934
1.116083
1.116321
1.116434
1.116697
1.117062
1.117108
1.117559
1.118941
1.119044
1.120063
1.120355
1.120659
1.121548
1.121836
1.121908
1.122072
1.122557
1.122998
1.123087
1.123187
1.123739
1.123835
1.124186
1.124413
1.124584
1.125151
1.125893
1.127178
1.127434
1.127571
1.127690
1.127772
1.127991
1.128000
1.128043
1.128106
1.128112
1.128365
1.128983
1.129615
1.129646
1.129698
1.130090
1.130222
1.130229
1.130407
1.130461
1.130498
1.130576
1.131228
1.131581
1.131865
1.131871
1.132287
1.132511
1.132605
1.132733
1.132860
1.133061
1.133492
1.133506
1.133578
1.133578
1.133700
1.133702
1.134071
1.134483
1.134580
1.134651
1.134679
1.134750
1.134897
1.135098
1.135154
1.135316
1.135583
1.135788
1.135872
1.136219
1.136256
1.136622
1.136908
1.136984
1.137107
1.137179
1.137386
1.137392
1.137534
1.137650
1.137923
1.138116
1.138220
1.138653
1.138656
1.138670
1.139509
1.139673
1.139898
1.140096
1.140256
1.140317
1.140357
1.140582
1.140879
1.140917
1.141059
1.141136
1.142132
1.142317
1.142321
1.142543
1.142675
1.143016
1.143318
1.143403
1.143681
1.144297
1.144312
1.145062
1.145065
1.145705
1.145737
1.146641
1.146788
1.147789
1.148271
1.148300
1.148611
1.148642
1.148682
1.149154
1.149222
1.149462
1.149478
1.149480
1.149894
1.150363
1.150433
1.150793
1.150810
1.150888
1.150941
1.151066
1.151087
1.151578
1.151983
1.152434
1.152629
1.152688
1.152737
1.152788
1.152839
1.152869
1.153016
1.153037
1.153348
1.153392
1.154097
1.154550
1.154650
1.154687
1.155052
1.156418
1.156596
1.157103
1.157134
1.157157
1.157598
1.157672
1.157844
1.157963
1.158075
1.158090
1.158162
1.158483
1.158617
1.158965
1.158999
1.159864
1.159956
1.160085
1.160492
1.160577
1.160675
1.160867
1.161517
1.161535
1.161602
1.161822
1.162256
1.162285
1.162317
1.162496
1.162801
1.162841
1.163259
1.163337
1.163827
1.164199
1.164426
1.165158
1.165198
1.165318
1.166006
1.166337
1.166474
1.166637
1.166873
1.167099
1.168152
1.169028
1.169195
1.169281
1.169734
1.169966
1.169991
1.170129
1.170625
1.170728
1.171068
1.171074
1.171262
1.171445
1.171637
1.171701
1.171786
1.171792
1.171844
1.172037
1.172194
1.172666
1.172929
1.173096
1.173136
1.173523
1.173582
1.174104
1.175291
1.175350
1.175463
1.175715
1.175934
1.176167
1.176432
1.176534
1.176779
1.176888
1.177048
1.177460
1.177460
1.177576
1.177607
1.178002
1.178106
1.178115
1.178404
1.179017
1.179232
1.179307
1.179320
1.179343
1.179377
1.179524
1.179557
1.179923
1.179951
1.180166
1.180245
1.180350
1.180486
1.181844
1.181897
1.181970
1.182230
1.182371
1.182769
1.183121
1.183282
1.183335
1.183777
1.183819
1.183840
1.183862
1.184374
1.184767
1.185144
1.185243
1.185292
1.185846
1.185886
1.185902
1.186355
1.186664
1.186709
1.186935
1.187183
1.187219
1.187756
1.189417
1.189425
1.189479
1.189534
1.189736
1.189962
1.190116
1.190125
1.190727
1.191241
1.191351
1.191358
1.191382
1.191387
1.192711
1.192844
1.193165
1.193981
1.194397
1.194790
1.194846
1.195018
1.195276
1.195865
1.196280
1.197167
1.197185
1.197310
1.197662
1.198887
1.198948
1.199153
1.199155
1.199180
1.199700
1.199755
1.199826
1.199979
1.200003
1.200027
1.200063
1.200873
1.200916
1.201079
1.201424
1.201522
1.201994
1.202135
1.202300
1.202735
1.202866
1.202936
1.203518
1.203582
1.203695
1.203975
1.204447
1.205041
1.205054
1.205199
1.205252
1.205597
1.205892
1.205930
1.205935
1.206131
1.206175
1.206949
1.207090
1.207164
1.207602
1.208118
1.208161
1.208330
1.208421
1.208422
1.208531
1.208742
1.208959
1.209244
1.209654
1.209715
1.209780
1.209887
1.209910
1.210043
1.210460
1.210487
1.210593
1.210751
1.210929
1.211439
1.211554
1.211667
1.211753
1.212610
1.212629
1.212995
1.213003
1.213016
1.213958
1.214015
1.214606
1.214714
1.214734
1.215062
1.215539
1.215609
1.216069
1.216508
1.217052
1.217197
1.217815
1.217876
1.218050
1.218258
1.218736
1.218863
1.219483
1.219722
1.219782
1.219891
1.219951
1.220031
1.220213
1.221104
1.221173
1.221185
1.221822
1.222000
1.222015
1.222226
1.223052
1.223093
1.223477
1.225119
1.225585
1.226554
1.228032
1.228201
1.228413
1.228763
1.229128
1.229461
1.230172
1.230281
1.230741
1.231025
1.231081
1.232773
1.232961
1.233305
1.233879
1.234261
1.234456
1.234844
1.235245
1.235451
1.236222
1.236553
1.236778
1.237001
1.237101
1.237789
1.238116
1.238176
1.238754
1.239038
1.239567
1.240219
1.240304
1.240693
1.241016
1.241087
1.241441
1.241747
1.241948
1.242296
1.242467
1.242519
1.242721
1.242851
1.243070
1.243081
1.243108
1.243446
1.243977
1.244331
1.244599
1.245318
1.245345
1.245429
1.245870
1.245917
1.246096
1.246661
1.246764
1.246811
1.247203
1.247345
1.247583
1.247645
1.248055
1.248299
1.248476
1.248512
1.248965
1.249292
1.249582
1.249612
1.250181
1.250372
1.250463
1.251583
1.252160
1.252187
1.252468
1.252778
1.252804
1.252844
1.253029
1.253176
1.254170
1.254286
1.254768
1.255245
1.255435
1.255818
1.256218
1.256386
1.256692
1.256886
1.257063
1.257078
1.257190
1.257968
1.258597
1.258964
1.259486
1.259737
1.259868
1.260189
1.260591
1.260682
1.260754
1.261037
1.261631
1.261977
1.262109
1.262230
1.262429
1.262913
1.263234
1.263297
1.263556
1.263560
1.263964
1.264377
1.264687
1.265510
1.265891
1.266480
1.267804
1.268432
1.268583
1.269394
1.269761
1.269873
1.271160
1.271445
1.271812
1.271825
1.272275
1.273160
1.273417
1.273864
1.274459
1.275106
1.276214
1.276517
1.276549
1.276836
1.277520
1.277678
1.277711
1.277781
1.277833
1.278338
1.278422
1.279331
1.279841
1.280045
1.280207
1.281067
1.281192
1.281301
1.281394
1.282579
1.282765
1.283329
1.283480
1.283768
1.284245
1.285054
1.285150
1.285354
1.285804
1.285950
1.286553
1.286958
1.288502
1.289403
1.289808
1.289828
1.289974
1.291303
1.291319
1.291756
1.292063
1.292770
1.293158
1.293240
1.293681
1.294632
1.295572
1.295920
1.296195
1.296648
1.296974
1.296981
1.298518
1.299335
1.299349
1.299994
1.300602
1.301751
1.302031
1.302212
1.302411
1.303468
1.303661
1.304431
1.305294
1.305419
1.306720
1.306991
1.307225
1.308673
1.309084
1.309484
1.310461
1.310901
1.311117
1.311744
1.312033
1.312089
1.312221
1.312455
1.312643
1.312925
1.315366
1.316220
1.316531
1.317016
1.317581
1.318115
1.318450
1.319885
1.320654
1.321222
1.321355
1.321574
1.321634
1.322262
1.322290
1.322588
1.322628
1.322652
1.322866
1.324481
1.324493
1.325218
1.325591
1.325668
1.325678
1.326133
1.326470
1.326518
1.327117
1.327557
1.327629
1.329746
1.330125
1.330182
1.331671
1.332419
1.333073
1.333095
1.333720
1.333762
1.334524
1.336453
1.336651
1.336741
1.338124
1.338330
1.338496
1.338660
1.338882
1.338886
1.340320
1.341009
1.342031
1.342743
1.342917
1.343031
1.344816
1.344913
1.345692
1.346004
1.346105
1.346761
1.346981
1.348920
1.350218
1.350239
1.351193
1.351731
1.351848
1.353895
1.354086
1.354533
1.354938
1.354991
1.355130
1.355529
1.355949
1.357403
1.358085
1.358766
1.359969
1.361901
1.362488
1.363362
1.363815
1.364553
1.365404
1.365651
1.365803
1.366312
1.367462
1.367789
1.370247
1.371910
1.372072
1.373639
1.374090
1.374477
1.375711
1.376380
1.377968
1.378111
1.380372
1.382284
1.384013
1.384518
1.384787
1.385402
1.385660
1.388621
1.390250
1.390259
1.390271
1.391623
1.392406
1.393309
1.393997
1.396101
1.396480
1.396576
1.397869
1.398574
1.400416
1.400646
1.401724
1.402662
1.403688
1.405517
1.405850
1.406847
1.410695
1.412360
1.412678
1.413653
1.415065
1.415483
1.416748
1.422747
1.432141
1.432692
1.434270
1.434449
1.435460
1.436201
1.439393
1.439495
1.444487
1.444646
1.448817
1.457160
1.458606
1.459970
1.474872
1.478833
1.481600
1.482496
1.482682
1.484671
1.508325